7.532440871000289917e-02
-9.460163116455078125e-01
-7.625044137239456177e-02
1.919775158166885376e-01
-2.167132496833801270e-02
9.910610914230346680e-01
5.080660805106163025e-02
4.969449639320373535e-01
-2.381219342350959778e-02
3.062767675146460533e-03
1.705445200204849243e-01
1.023539155721664429e-01
3.144770115613937378e-02
9.712422490119934082e-01
3.191294521093368530e-02
3.734921813011169434e-01
-4.635946452617645264e-02
9.533448815345764160e-01
4.517880454659461975e-02
3.812437057495117188e-01
-3.611004352569580078e-02
-2.782095037400722504e-02
1.758394837379455566e-01
1.574012190103530884e-01
-7.905418425798416138e-02
7.976186275482177734e-01
2.155283689498901367e-01
2.677461206912994385e-01
1.060961931943893433e-01
3.684672713279724121e-01
-7.096508145332336426e-02
2.280042916536331177e-01
2.372127026319503784e-02
-2.626491012051701546e-03
-1.705977767705917358e-01
1.022934615612030029e-01
2.640911005437374115e-02
9.721456170082092285e-01
7.635780144482851028e-03
3.740347027778625488e-01
-1.503340620547533035e-02
9.566011428833007812e-01
4.386738315224647522e-02
3.804019093513488770e-01
1.983564533293247223e-02
4.089291673153638840e-03
-1.577156633138656616e-01
1.580041199922561646e-01
-8.126271516084671021e-02
7.975600957870483398e-01
-2.159103937447071075e-02
2.695520520210266113e-01
7.422212511301040649e-02
3.674991428852081299e-01
-4.658840596675872803e-02
2.305305600166320801e-01
