4.804707132279872894e-03
9.793900847434997559e-01
-1.220515593886375427e-01
2.353001087903976440e-01
4.561556124826893210e-05
-9.861885309219360352e-01
9.262958914041519165e-02
2.375652045011520386e-01
3.790158033370971680e-01
-8.925054669380187988e-01
1.099716275930404663e-01
2.615696489810943604e-01
1.967182755470275879e-02
-9.726459383964538574e-01
2.163125760853290558e-02
4.774963855743408203e-01
2.159021236002445221e-02
-9.639644026756286621e-01
1.907166391611099243e-01
4.607120156288146973e-01
9.041269421577453613e-01
7.508405484259128571e-03
6.213299557566642761e-02
1.809920966625213623e-01
2.217313647270202637e-01
-6.988382339477539062e-01
-1.880748122930526733e-01
3.051757514476776123e-01
-1.604734510183334351e-01
-2.162136584520339966e-01
-4.980651736259460449e-01
3.111767768859863281e-01
-3.789079189300537109e-01
-8.987013101577758789e-01
5.800215154886245728e-02
2.615749537944793701e-01
-6.396181881427764893e-03
-9.746952652931213379e-01
6.826046109199523926e-02
4.784187972545623779e-01
-3.134788945317268372e-02
-9.526898860931396484e-01
2.452698796987533569e-01
4.603298902511596680e-01
-9.041057229042053223e-01
-7.489331066608428955e-03
-6.228208541870117188e-02
1.809925884008407593e-01
-1.890298575162887573e-01
-7.382249832153320312e-01
-1.885668933391571045e-01
3.013641834259033203e-01
1.864813119173049927e-01
-2.695836126804351807e-01
-4.552175402641296387e-01
3.083691596984863281e-01
